3 4
39
473 205 353 916 461 706 778 259 707 582 573 167 229 916 281 782 741 456 507 899 825 585 643 272 608 460 608 463 864 714 259 399 86 528 100 76 513 699 363
19
13 38 26 17 13 8 1 15 39 20 22 33 12 6
5 26 15 27 7 25
32 35 7 18 16 26 39 25 6 11 14 10 13 19 30 8 34 1 28 12 9 23 2 21 27 24 37 32 20 15 4 38 3
14 32 33 37 19 10 3 7 18 35 20 27 1 22 29
38 21 39 4 10 36 15 30 32 14 9 2 31 13 11 28 7 1 34 20 8 3 23 6 19 5 17 33 37 25 16 26 18 35 27 24 38 22 12
37 28 22 39 3 8 15 20 6 31 26 19 23 37 24 17 9 32 14 7 29 10 36 11 2 38 1 12 30 35 27 25 21 33 5 18 34 16
24 32 16 10 11 28 7 3 31 39 26 14 9 8 18 5 21 36 27 19 33 35 17 38 24
9 8 18 1 16 3 34 29 39 23
6 12 2 7 32 29 1
29 26 20 21 24 4 7 19 17 13 5 28 9 3 36 34 16 38 18 10 35 11 15 33 31 14 1 32 12 37
5 23 15 28 33 1
17 8 19 1 3 30 37 38 29 23 32 36 20 6 9 10 22 27
0
39 19 37 23 28 14 29 30 3 8 18 16 17 10 5 25 21 36 34 20 33 9 31 22 26 2 39 15 1 32 13 38 4 11 7 27 35 24 12 6
4 36 10 34 8
14 36 1 18 28 9 30 25 32 10 14 22 38 17 2
37 28 19 4 23 25 24 5 2 9 12 34 16 11 36 3 39 13 33 29 32 10 20 7 15 31 35 17 27 14 18 22 38 8 1 26 6 21
10 22 31 27 19 29 37 20 2 8 14
1 22
0 120 164 38 109 31 179 37 25 140 37 166 105 8 2 70 67 46 67 185 91 125 190 171 101 103 108 135 102 185 26 115 153 162 135 110 70 112 54 
120 0 58 130 16 121 39 193 183 136 62 86 137 68 190 28 123 117 106 76 26 100 199 77 12 156 101 54 21 12 99 60 26 118 26 125 10 124 24 
164 58 0 49 90 189 187 63 155 199 168 135 40 148 43 70 113 9 192 183 84 153 34 145 22 114 131 22 141 36 149 163 90 120 44 42 153 73 124 
38 130 49 0 181 168 130 151 168 54 180 196 16 115 82 172 163 9 22 161 103 30 69 168 41 160 61 117 171 15 19 109 178 51 57 15 65 129 117 
109 16 90 181 0 38 157 96 157 144 23 133 55 66 157 119 112 191 43 58 197 114 125 46 132 198 22 200 177 151 128 66 60 76 124 175 196 16 88 
31 121 189 168 38 0 153 170 129 124 115 8 5 69 57 153 63 185 125 192 98 121 66 161 69 83 52 17 25 0 176 167 0 148 149 157 44 66 106 
179 39 187 130 157 153 0 176 146 35 151 158 36 130 0 76 173 137 34 97 139 195 88 132 87 175 115 3 141 122 165 2 75 96 189 104 9 20 170 
37 193 63 151 96 170 176 0 167 98 53 58 12 2 9 25 192 182 41 126 94 18 82 44 19 101 153 86 17 122 41 15 192 111 52 60 85 14 58 
25 183 155 168 157 129 146 167 0 162 169 18 12 44 193 3 9 148 58 83 105 103 59 82 14 137 93 104 69 62 120 60 14 171 101 87 80 143 176 
140 136 199 54 144 124 35 98 162 0 57 194 117 35 76 197 158 130 198 196 38 89 15 48 140 187 139 99 118 124 23 132 152 1 139 23 43 55 164 
37 62 168 180 23 115 151 53 169 57 0 31 59 154 171 7 126 16 16 104 28 81 7 44 156 187 13 52 180 188 125 96 104 159 143 123 4 12 101 
166 86 135 196 133 8 158 58 18 194 31 0 165 96 165 172 16 175 63 184 184 177 159 114 14 176 158 60 194 52 40 130 88 60 126 122 29 53 117 
105 137 40 16 55 5 36 12 12 117 59 165 0 79 75 137 24 12 117 23 165 68 3 150 200 19 153 168 73 86 47 31 67 35 10 18 196 120 104 
8 68 148 115 66 69 130 2 44 35 154 96 79 0 35 64 183 25 191 34 198 15 18 110 78 57 16 64 74 10 49 132 0 55 94 152 58 127 116 
2 190 43 82 157 57 0 9 193 76 171 165 75 35 0 125 24 41 189 142 71 86 52 73 192 183 135 154 131 177 6 34 136 5 68 123 88 52 144 
70 28 70 172 119 153 76 25 3 197 7 172 137 64 125 0 79 194 47 76 140 188 43 75 26 147 120 36 145 169 124 8 89 163 9 87 108 178 109 
67 123 113 163 112 63 173 192 9 158 126 16 24 183 24 79 0 92 98 69 86 38 99 73 122 128 5 24 162 161 62 135 111 179 79 127 195 38 1 
46 117 9 9 191 185 137 182 148 130 16 175 12 25 41 194 92 0 94 187 184 187 83 171 55 78 48 157 195 91 13 90 182 175 0 28 96 77 9 
67 106 192 22 43 125 34 41 58 198 16 63 117 191 189 47 98 94 0 106 39 72 81 74 134 107 63 73 151 55 15 50 114 41 153 190 129 14 114 
185 76 183 161 58 192 97 126 83 196 104 184 23 34 142 76 69 187 106 0 7 102 195 53 169 180 137 129 28 48 122 181 64 47 111 33 136 30 155 
91 26 84 103 197 98 139 94 105 38 28 184 165 198 71 140 86 184 39 7 0 188 84 133 138 151 173 1 33 59 15 120 57 71 198 146 114 138 152 
125 100 153 30 114 121 195 18 103 89 81 177 68 15 86 188 38 187 72 102 188 0 34 130 65 73 199 45 30 50 84 149 78 165 177 94 97 162 129 
190 199 34 69 125 66 88 82 59 15 7 159 3 18 52 43 99 83 81 195 84 34 0 3 22 79 22 144 144 122 146 113 145 144 24 72 105 45 87 
171 77 145 168 46 161 132 44 82 48 44 114 150 110 73 75 73 171 74 53 133 130 3 0 167 122 127 4 144 119 111 2 200 56 161 44 99 146 30 
101 12 22 41 132 69 87 19 14 140 156 14 200 78 192 26 122 55 134 169 138 65 22 167 0 171 14 193 198 23 9 10 127 28 137 63 89 55 74 
103 156 114 160 198 83 175 101 137 187 187 176 19 57 183 147 128 78 107 180 151 73 79 122 171 0 118 197 114 73 150 109 163 3 34 65 114 175 41 
108 101 131 61 22 52 115 153 93 139 13 158 153 16 135 120 5 48 63 137 173 199 22 127 14 118 0 113 34 144 180 186 62 98 45 117 198 32 186 
135 54 22 117 200 17 3 86 104 99 52 60 168 64 154 36 24 157 73 129 1 45 144 4 193 197 113 0 133 115 43 187 84 24 18 163 182 192 190 
102 21 141 171 177 25 141 17 69 118 180 194 73 74 131 145 162 195 151 28 33 30 144 144 198 114 34 133 0 60 180 164 140 5 29 30 23 10 146 
185 12 36 15 151 0 122 122 62 124 188 52 86 10 177 169 161 91 55 48 59 50 122 119 23 73 144 115 60 0 199 198 194 96 197 96 41 121 138 
26 99 149 19 128 176 165 41 120 23 125 40 47 49 6 124 62 13 15 122 15 84 146 111 9 150 180 43 180 199 0 158 126 26 143 71 181 160 158 
115 60 163 109 66 167 2 15 60 132 96 130 31 132 34 8 135 90 50 181 120 149 113 2 10 109 186 187 164 198 158 0 129 50 7 80 150 189 145 
153 26 90 178 60 0 75 192 14 152 104 88 67 0 136 89 111 182 114 64 57 78 145 200 127 163 62 84 140 194 126 129 0 182 180 78 36 120 71 
162 118 120 51 76 148 96 111 171 1 159 60 35 55 5 163 179 175 41 47 71 165 144 56 28 3 98 24 5 96 26 50 182 0 165 12 79 30 9 
135 26 44 57 124 149 189 52 101 139 143 126 10 94 68 9 79 0 153 111 198 177 24 161 137 34 45 18 29 197 143 7 180 165 0 22 70 168 21 
110 125 42 15 175 157 104 60 87 23 123 122 18 152 123 87 127 28 190 33 146 94 72 44 63 65 117 163 30 96 71 80 78 12 22 0 114 180 88 
70 10 153 65 196 44 9 85 80 43 4 29 196 58 88 108 195 96 129 136 114 97 105 99 89 114 198 182 23 41 181 150 36 79 70 114 0 170 75 
112 124 73 129 16 66 20 14 143 55 12 53 120 127 52 178 38 77 14 30 138 162 45 146 55 175 32 192 10 121 160 189 120 30 168 180 170 0 177 
54 24 124 117 88 106 170 58 176 164 101 117 104 116 144 109 1 9 114 155 152 129 87 30 74 41 186 190 146 138 158 145 71 9 21 88 75 177 0 
